0 1.24519525204e+67
1 1.19728422401e+67
2 9.0411978786e+66
3 9.74882407421e+66
4 1.53688005041e+67
5 8.32709699837e+66
6 7.46311413848e+66
7 6.2547478762e+66
8 8.44458676753e+66
9 9.96105906765e+66
10 1.08026245749e+67
11 1.53429969015e+67
12 1.23373753161e+67
13 9.78912821771e+66
14 1.14089570759e+67
15 1.06084412273e+67
16 1.22822638302e+67
17 7.74427062559e+66
18 6.83516249978e+66
19 1.03961288978e+67
20 1.46883377025e+67
21 7.10553812125e+66
22 1.0377270513e+67
23 1.84217011514e+67
24 1.50620666464e+67
25 7.02482619286e+66
26 8.25411588217e+66
27 1.14974603428e+67
28 7.42249057382e+66
29 8.76617910303e+66
30 9.77519723638e+66
31 7.09543841711e+66
32 1.28318559696e+67
33 1.01436036789e+67
34 9.3477264367e+66
35 6.66018318917e+66
36 9.31341149641e+66
37 8.28908723599e+66
38 8.7120648523e+66
39 7.59078157953e+66
40 9.35382701575e+66
41 1.26269366918e+67
42 7.78280297429e+66
43 8.35735058688e+66
44 9.65335569467e+66
45 1.46608037584e+67
46 1.46487111695e+67
47 9.2925666988e+66
48 5.13815821245e+66
49 7.97813612094e+66
LDA_100_0.1_0.1_2016-11-07_2017-01-01.model: p_without_dist=1.00891e+67
0 9.73334712514e+64
1 1.86023122367e+65
2 2.37215038255e+65
3 1.55220310456e+65
4 1.4614529836e+65
5 1.70167552569e+65
6 1.73401808047e+65
7 9.90235805301e+64
8 9.9724835186e+64
9 1.61550698974e+65
10 1.79757354221e+65
11 1.17224316419e+65
12 9.88616412207e+64
13 2.61778792816e+65
14 1.68320646149e+65
15 7.10540056276e+64
16 1.0826809024e+65
17 1.2247726383e+65
18 1.06787142392e+65
19 2.33366544032e+65
20 1.09239941031e+65
21 3.57476443291e+65
22 2.7379331609e+65
23 1.35599220281e+65
24 1.93883531633e+65
25 1.99754394163e+65
26 1.0980518612e+65
27 3.71792135343e+65
28 1.93215778626e+65
29 2.6745102526e+65
30 1.66526752403e+65
31 2.23522931979e+65
32 1.10877980735e+65
33 1.39607816235e+65
34 1.67654026361e+65
35 1.86652952862e+65
36 2.05644081728e+65
37 1.91064192949e+65
38 1.10104497787e+65
39 2.75158007981e+65
40 1.83738608151e+65
41 1.57122792569e+65
42 1.05455376819e+65
43 1.11763152458e+65
44 1.29182611148e+65
45 1.03930151257e+65
46 1.51455347287e+65
47 1.86371245794e+65
48 2.48911366565e+65
49 9.78357731062e+64
LDA_100_0.1_0.01_2016-11-07_2017-01-01.model: p_without_dist=1.69166e+65
0 inf
1 inf
2 inf
3 inf
4 inf
5 inf
6 inf
7 inf
8 inf
9 inf
10 inf
11 inf
12 inf
13 inf
14 inf
15 inf
16 inf
17 inf
18 inf
19 inf
20 inf
21 inf
22 inf
23 inf
24 inf
25 inf
26 inf
27 inf
28 inf
29 inf
30 inf
31 inf
32 inf
33 inf
34 inf
35 inf
36 inf
37 inf
38 inf
39 inf
40 inf
41 inf
42 inf
43 inf
44 inf
45 inf
46 inf
47 inf
48 inf
49 inf
LDA_100_1_1_2016-11-07_2017-01-01.model: p_without_dist=inf
0 1.7427142703e+38
1 1.78661586838e+38
2 1.81036185279e+38
3 1.82762663203e+38
4 1.67208442774e+38
5 1.96546444063e+38
6 1.74532438031e+38
7 1.87131312568e+38
8 1.67999708559e+38
9 1.68738750318e+38
10 1.79232336679e+38
11 1.75805616062e+38
12 1.85654386486e+38
13 1.74361654016e+38
14 1.98456355365e+38
15 1.68217425517e+38
16 1.67593928622e+38
17 1.71266838893e+38
18 1.98120684417e+38
19 1.64443458931e+38
20 1.63796053351e+38
21 1.74208706951e+38
22 1.97383706305e+38
23 1.67472987789e+38
24 1.97475732828e+38
25 2.02307594796e+38
26 1.72124370286e+38
27 1.83212211047e+38
28 1.90095535484e+38
29 1.7875392765e+38
30 1.58274498243e+38
31 1.76180926305e+38
32 1.88421399951e+38
33 1.83815990145e+38
34 1.62058181895e+38
35 1.63810879971e+38
36 1.75897414594e+38
37 1.69491753069e+38
38 1.95711597696e+38
39 1.82705403477e+38
40 1.82353982477e+38
41 1.85646186625e+38
42 1.72152010415e+38
43 1.78864852639e+38
44 1.87787401639e+38
45 1.7691748109e+38
46 2.11725356595e+38
47 1.86747660211e+38
48 1.86913737504e+38
49 1.7837823091e+38
LDA_100_0.01_0.01_2016-11-07_2017-01-01.model: p_without_dist=1.79855e+38
0 16031237.4521
1 16634349.9439
2 16541908.6315
3 16214201.5019
4 16971747.6066
5 18030154.9809
6 16393253.3005
7 16545534.1207
8 17763811.5861
9 17837811.3682
10 17383951.3616
11 16348055.2793
12 18178463.1076
13 16095521.1477
14 17433073.7695
15 17028059.4309
16 17543988.2346
17 16563452.27
18 16255201.7314
19 15673672.8805
20 17201162.9982
21 17926496.3513
22 16931420.4754
23 16757089.7713
24 17673467.8703
25 16773426.2093
26 17517918.0472
27 17146961.8601
28 16504522.0739
29 17808325.9096
30 17670540.3775
31 18653195.0914
32 16466574.925
33 17465604.3014
34 16729832.4008
35 16496146.8599
36 16802406.1434
37 17997838.6047
38 16262194.2285
39 16139191.4357
40 16354345.7542
41 17908439.7651
42 17436040.9373
43 16724381.1788
44 17879074.6073
45 16742188.3504
46 16808899.7401
47 16885062.3654
48 16916234.7646
49 16198420.7933
LDA_10_0.1_0.1_2016-11-07_2017-01-01.model: p_without_dist=1.70049e+07
